341
267 238   10.0967 49.97 43.9759
267 261   10.0017 49.9251 3.05722
267 264   10.095 49.9644 129.753
267 266   10.0933 49.9569 789.554
267 267   10.0967 49.9279 37.6396
267 268   10.0867 49.9321 48.3073
267 269   10.0933 49.9325 55.3046
267 270   10.095 49.9369 274.983
267 271   10.0917 49.9406 652.089
267 273   10.0933 49.9435 817.714
267 282   10.085 49.9648 92.5782
267 283   10.09 49.9625 289.16
267 284   10.09 49.9588 682.074
267 286   10.0867 49.9569 818.235
267 287   10.0833 49.9358 120.651
267 288   10.085 49.939 503.135
267 289   10.0883 49.941 695.228
267 291   10.0867 49.944 860.997
267 321   10.0607 49.9067 11.6207
267 322   10.0555 49.9133 10.392
267 353   10.0017 49.9875 5.44453
267 376   10.0017 49.9125 5.44421
267 504   10.0972 49.985 95.7523
267 508   10.0983 49.9379 423.084
267 509   10.0555 49.9867 10.3965
267 510   10.0607 49.9933 11.6223
267 517   10.0817 49.9631 201.739
267 519   10.0025 49.9768 3.14832
267 521   10.0008 49.9768 3.10545
267 522   10.0025 49.9146 4.6733
267 523   10.0042 49.9154 4.3091
267 525   10.0008 49.9162 4.39135
267 526   10.0183 49.9282 2.94027
267 527   10.0158 49.9248 3.02772
267 528   10.0175 49.9258 2.9718
267 546   10.0869 49.9223 31.6438
267 547   10.0936 49.9231 32.8423
267 548   10.0942 49.914 146.977
267 549   10.0969 49.9177 46.2903
267 550   10.0744 49.9967 15.892
267 551   10.0685 49.99 14.0201
267 560   10.0744 49.9033 15.8602
267 561   10.0685 49.91 13.9947
267 563   10.0889 49.9963 392.203
267 565   10.0933 49.9742 35.3082
267 566   10.0939 49.9817 42.7885
267 567   10.0867 49.9708 38.9729
267 568   10.0833 49.9754 33.7832
267 610   10.0017 49.9667 2.92293
267 658   10.0033 49.9498 2.86518
267 659   10.0167 49.9394 2.88353
267 666   10.0017 49.936 2.90206
267 667   10.0017 49.931 2.94765
267 668   10.0033 49.9341 2.9233
267 690   10.0833 49.9246 31.0512
267 691   10.0833 49.9288 35.053
267 736   10.0014 49.9925 9.44056
267 737   10.0031 49.99 6.56693
267 750   10.0014 49.9075 9.43599
267 751   10.0031 49.91 6.56698
267 752   10.0028 49.905 18.7791
267 753   10.0056 49.905 18.6458
267 793   10.0183 49.9705 2.93067
267 803   10.0083 49.9244 3.1439
267 804   10.0117 49.9279 3.01752
267 805   10.0067 49.9227 3.23108
267 1023   10.0181 49.9821 3.34178
267 1024   10.021 49.9854 4.51627
267 1025   10.0205 49.9812 3.1846
267 1026   10.0181 49.9179 3.3413
267 1027   10.021 49.9146 4.51847
267 1028   10.0205 49.9188 3.18608
267 1029   10.0221 49.9171 3.86407
267 1043   10.0069 49.9975 745.66
267 1044   10.0042 49.9992 901.131
267 1045   10.0056 49.995 18.7189
267 1046   10.0028 49.995 18.9972
267 1047   10.0983 49.9625 428.67
267 1048   10.0858 49.9927 58.2081
267 1049   10.0797 49.9931 19.0956
267 1050   10.0786 49.9865 16.5858
267 1051   10.0881 49.9856 609.707
267 1052   10.0842 49.9827 51.2831
267 1053   10.0786 49.9135 16.2886
267 1054   10.0797 49.9069 19.2821
267 1055   10.0883 49.9138 569.244
267 1056   10.0844 49.9167 66.3608
267 1057   10.0958 49.9578 567.618
267 1058   10.0992 49.9578 104.307
267 1059   10.0975 49.9597 605.683
267 1073   10.0014 49.9017 613.84
267 1074   10.0014 49.9033 167.184
267 1078   10.0958 49.9428 616.879
267 1079   10.0975 49.9409 606.497
267 1081   10.0992 49.9433 38.0197
267 1082   10.0992 49.9415 588.874
267 1085   10.0056 49.9008 905.243
267 1086   10.0028 49.9008 883.443
267 1100   10.0025 49.9235 3.13146
267 1101   10.0042 49.9227 3.21389
267 1103   10.0008 49.9225 3.12833
267 1104   10.0008 49.9213 3.19855
267 1111   10.0986 49.9056 936.534
267 1112   10.0958 49.9094 868.551
267 1113   10.0958 49.9019 943.973
267 1114   10.0175 49.9803 3.11858
267 1115   10.0158 49.9794 3.18906
267 1116   10.0192 49.9784 2.91736
267 1117   10.0175 49.9775 3.01151
267 1118   10.0243 49.909 5.75314
267 1119   10.0253 49.9119 5.32993
267 1120   10.0223 49.9127 5.07535
267 1121   10.0842 49.9578 596.688
267 1122   10.0808 49.958 149.044
267 1123   10.0825 49.9599 533.875
267 1124   10.0223 49.9873 5.08167
267 1125   10.0243 49.991 5.75261
267 1126   10.0253 49.9881 5.33525
267 1141   10.0158 49.9205 3.2001
267 1142   10.0175 49.9196 3.12153
267 1143   10.0167 49.9227 3.05154
267 1144   10.0183 49.9227 2.97244
267 1145   10.0192 49.9214 2.91181
267 1146   10.0242 49.9183 4.12183
267 1147   10.0266 49.9183 4.72832
267 1158   10.0958 49.9906 734.993
267 1159   10.0986 49.9944 928.545
267 1160   10.0931 49.9944 856.918
267 1161   10.0958 49.9981 939.018
267 1162   10.0125 49.9008 13.1903
267 1163   10.0115 49.9054 20.306
267 1164   10.0754 49.9833 15.791
267 1165   10.0705 49.9833 14.757
267 1172   10.0125 49.9992 13.1874
267 1173   10.0097 49.9975 65.1168
267 1174   10.0115 49.9946 20.1398
267 1175   10.0148 49.9977 9.706
267 1176   10.0137 49.9948 11.906
267 1177   10.0137 49.9052 11.9216
267 1178   10.0148 49.9023 9.70415
267 1184   10.0014 49.9967 176.091
267 1185   10.0014 49.9983 721.883
267 1188   10.0983 49.9559 38.0586
267 1189   10.0967 49.9559 478.598
267 1190   10.0117 49.9769 3.17738
267 1191   10.0083 49.9769 3.21123
267 1192   10.0117 49.9824 3.67538
267 1193   10.0133 49.9797 3.32159
267 1198   10.0817 49.9408 570.565
267 1201   10.0842 49.9434 667.358
267 1202   10.0808 49.9434 60.2723
267 1203   10.0825 49.9424 618.075
267 1206   10.0817 49.9445 32.7291
267 1207   10.0833 49.9445 457.623
267 1208   10.0131 49.9848 4.11071
267 1209   10.0156 49.9885 5.73599
267 1210   10.0162 49.9844 3.96886
267 1211   10.0175 49.986 4.55182
267 1216   10.0156 49.9115 5.73689
267 1217   10.0131 49.9152 4.11089
267 1218   10.0175 49.914 4.55286
267 1219   10.0162 49.9156 3.96918
267 1223   10.0167 49.9096 6.94732
267 1224   10.0183 49.906 7.20119
267 1225   10.0155 49.9069 9.05676
267 1226   10.02 49.9102 5.85152
267 1227   10.021 49.9081 6.11158
267 1232   10.0167 49.9904 6.94358
267 1233   10.0183 49.994 7.20045
267 1234   10.0155 49.9931 9.04946
267 1235   10.02 49.9898 5.85084
267 1236   10.021 49.9919 6.11173
267 1244   10.0967 49.9443 317.837
267 1245   10.0983 49.9443 29.2102
267 1260   10.0042 49.9845 4.28211
267 1261   10.0025 49.9854 4.66446
267 1262   10.0008 49.9837 4.38196
267 1265   10.0833 49.9559 631.498
267 1266   10.0817 49.9559 60.6592
267 1278   10.0067 49.9744 3.09542
267 1279   10.0033 49.9693 2.96177
267 1280   10.0033 49.9745 3.07405
267 1281   10.0017 49.972 2.99052
267 1286   10.0875 49.9019 123.501
267 1287   10.0872 49.9092 189.008
267 1288   10.0844 49.9054 33.4712
267 1289   10.0917 49.9038 864.903
267 1290   10.0917 49.9075 787.514
267 1313   10.0754 49.9167 15.5303
267 1314   10.0705 49.9167 14.7292
267 1315   10.0481 49.99 8.70749
267 1316   10.0422 49.9967 7.68954
267 1317   10.0373 49.9933 6.92391
267 1318   10.0384 49.9867 6.92142
267 1319   10.0067 49.9524 2.87068
267 1320   10.0422 49.9033 7.69549
267 1321   10.0436 49.9167 7.84355
267 1322   10.0481 49.91 8.68721
267 1323   10.0384 49.9133 6.91794
267 1324   10.0373 49.9067 6.92613
267 1325   10.0318 49.9117 6.0376
267 1326   10.0327 49.9183 5.90326
267 1327   10.0348 49.915 6.33114
267 1328   10.0283 49.9133 5.46982
267 1329   10.0288 49.9167 5.2786
267 1338   10.0081 49.9873 4.94487
267 1339   10.0104 49.9919 8.58416
267 1340   10.0112 49.9871 4.82951
267 1341   10.0124 49.9892 5.92782
267 1342   10.0062 49.9898 6.22482
267 1343   10.0073 49.9923 8.72045
267 1344   10.0104 49.9081 8.57402
267 1345   10.0081 49.9127 4.94438
267 1346   10.0073 49.9077 8.7144
267 1347   10.0062 49.9102 6.22412
267 1348   10.0124 49.9108 5.92688
267 1349   10.0112 49.9129 4.82919
267 1358   10.0133 49.975 3.0718
267 1359   10.0133 49.9729 3.01916
267 1360   10.0167 49.9727 2.9708
267 1361   10.0183 49.9748 2.95738
267 1362   10.0167 49.9759 3.01461
267 1363   10.0327 49.9817 5.91227
267 1364   10.0348 49.985 6.32794
267 1365   10.0318 49.9883 6.03673
267 1390   10.0083 49.9666 2.93991
267 1391   10.0117 49.9713 3.00108
267 1392   10.0117 49.9679 2.9509
267 1393   10.0067 49.9692 2.97316
267 1394   10.0083 49.9717 3.02096
267 1406   10.0069 49.9017 807.572
267 1407   10.0069 49.9033 191.752
267 1408   10.0097 49.9017 40.8299
267 1409   10.0097 49.9033 85.653
267 1426   10.0033 49.9175 3.88226
267 1427   10.0042 49.9191 3.57887
267 1428   10.0017 49.9175 3.98422
267 1429   10.0008 49.9188 3.73169
267 1430   10.0017 49.9204 3.3769
267 1431   10.0033 49.9207 3.36495
267 1439   10.0301 49.9833 5.48755
267 1440   10.027 49.9867 5.30499
267 1441   10.0295 49.9867 5.63276
267 1442   10.0278 49.9817 4.98328
267 1443   10.0264 49.9833 4.81197
267 1457   10.0067 49.93 2.98528
267 1458   10.0033 49.9267 3.0385
267 1459   10.0033 49.9291 2.98732
267 1460   10.0083 49.9281 3.02571
267 1461   10.0067 49.9264 3.07002
267 1469   10.0033 49.9823 3.84809
267 1470   10.0008 49.9812 3.71919
267 1471   10.0017 49.9824 3.96154
267 1472   10.0013 49.9784 3.20348
267 1473   10.0004 49.9789 3.19774
267 1474   10.0021 49.9796 3.37354
267 1475   10.0012 49.9801 3.43423
267 1498   10.0296 49.9983 6.41904
267 1499   10.0312 49.9917 6.15553
267 1500   10.0331 49.995 6.49551
267 1501   10.0267 49.9929 5.97782
267 1502   10.0258 49.9963 6.24141
267 1506   10.0192 49.9246 2.94073
267 1507   10.0192 49.9237 2.93793
267 1532   10.0067 49.964 2.91539
267 1533   10.0083 49.9604 2.89478
267 1534   10.0033 49.964 2.90806
267 1535   10.0017 49.9613 2.88717
267 1536   10.005 49.9569 2.87739
267 1537   10.0017 49.9578 2.87402
267 1543   10.0296 49.9017 6.41634
267 1544   10.0331 49.905 6.49773
267 1545   10.0312 49.9083 6.15213
267 1546   10.0258 49.9038 6.24025
267 1547   10.0267 49.9071 5.97927
267 1554   10.0226 49.9979 6.52862
267 1555   10.0193 49.9965 7.08065
267 1556   10.0175 49.9985 7.81668
267 1620   10.0183 49.9338 2.9039
267 1621   10.015 49.9363 2.90233
267 1622   10.0167 49.9307 2.93654
267 1623   10.0133 49.9303 2.96605
267 1624   10.0117 49.9171 3.76134
267 1625   10.0117 49.9212 3.28842
267 1626   10.0133 49.9196 3.3827
267 1627   10.0067 49.9191 3.55948
267 1628   10.0083 49.9207 3.37394
267 1646   10.0226 49.9021 6.529
267 1649   10.0175 49.9015 7.81701
267 1650   10.0193 49.9035 7.08042
267 1651   10.0075 49.9854 4.37006
267 1652   10.0058 49.9845 4.20292
267 1653   10.0092 49.9827 3.78358
267 1654   10.0075 49.9792 3.37245
267 1655   10.0067 49.9823 3.75513
267 1656   10.0083 49.9814 3.60134
267 1657   10.0042 49.9784 3.2936
267 1658   10.0058 49.9792 3.38048
267 1659   10.0058 49.981 3.57424
267 1660   10.0033 49.9798 3.41905
267 1661   10.0042 49.981 3.59677
267 1688   10.0083 49.9429 2.88159
267 1689   10.0017 49.9424 2.87289
267 1690   10.005 49.9459 2.87101
267 1691   10.0017 49.9447 2.86743
267 1692   10.0067 49.939 2.89598
267 1693   10.0033 49.9385 2.8924
267 1694   10.0017 49.9401 2.88073
267 1716   10.0183 49.9461 2.86383
267 1717   10.0183 49.9501 2.86176
267 1718   10.015 49.9431 2.87589
267 1719   10.0117 49.945 2.87633
267 1720   10.0117 49.9507 2.87088
267 1722   10.046 49.9833 8.33318
267 1723   10.0412 49.9833 7.40617
267 1780   10.0075 49.9146 4.37902
267 1781   10.0058 49.9154 4.22761
267 1782   10.0092 49.9167 3.88496
267 1783   10.0075 49.9175 3.77927
267 1828   10.0183 49.9579 2.87121
267 1829   10.0117 49.9595 2.8892
267 1830   10.0133 49.9541 2.87305
267 1831   10.0167 49.9536 2.86707
267 1832   10.0183 49.9635 2.88979
267 1833   10.0167 49.9605 2.88329
267 1834   10.0133 49.9616 2.89642
267 1835   10.0133 49.9657 2.92352
267 1836   10.0167 49.9668 2.91688
267 1879   10.0108 49.9243 3.13288
267 1880   10.0125 49.9231 3.15772
267 1881   10.0125 49.926 3.05407
267 1882   10.0142 49.9249 3.06332
267 1905   10.0246 49.9825 4.37614
267 1906   10.0237 49.9808 3.90297
267 1907   10.0226 49.9838 4.20034
267 1908   10.0216 49.9821 3.60608
267 1921   10.0083 49.9366 2.91209
267 1922   10.0117 49.9325 2.94587
267 1923   10.0117 49.9355 2.91765
267 1924   10.0083 49.932 2.95663
267 1925   10.0067 49.9342 2.93065
end
